(trace_id,session_id,num_lines_in_slice)
(9, 16, 1)
(9, 75, 1)
(9, 81, 17)
(9, 85, 9)
(9, 138, 1)
(9, 178, 2)
(9, 193, 6)
(9, 195, 1)
(9, 196, 1)
(9, 332, 1)
(9, 455, 2)
(9, 507, 1)
(11, 861, 18)
(26, 179, 1)
(26, 305, 1)
(31, 13, 23)
(32, 1, 14)
(36, 7, 1)
(36, 13, 8)
(36, 122, 43)
(73, 25, 1)
(80, 35, 1)
(88, 153, 1)
(114, 36, 95)
(121, 25, 19)
(135, 57, 1)
(135, 330, 5)
(135, 331, 8)
(135, 334, 2)
(135, 349, 1)
(135, 445, 9)
(135, 708, 4)
(135, 710, 7)
(135, 711, 8)
(135, 774, 1)
(135, 816, 46)
(135, 831, 14)
(156, 49, 5)
(165, 153, 8)
(182, 25, 3)
(183, 952, 1)
(183, 1696, 4)
(191, 118, 1)
(191, 220, 1)
(191, 226, 1)
(195, 5, 4)
(198, 1061, 35)
(198, 1122, 2)
(204, 5, 1)
(215, 4, 4)
(215, 25, 1)
(217, 25, 10)
(217, 50, 1)
(217, 95, 2)
(217, 141, 18)
(217, 142, 25)
(217, 147, 21)
(217, 151, 8)
(217, 170, 1)
(217, 171, 2)
(217, 184, 18)
(217, 185, 1)
(217, 186, 38)
(217, 189, 1)
(217, 195, 1)
(217, 196, 9)
(217, 197, 19)
(217, 199, 1)
(217, 204, 12)
(218, 155, 46)
(218, 269, 11)
(218, 270, 2)
(219, 25, 5)
(230, 47, 4)
(231, 14, 1)
(231, 1587, 4)
(240, 4, 10)
(240, 25, 1)
(242, 25, 19)
(242, 50, 1)
(242, 95, 5)
(242, 103, 4)
(242, 141, 29)
(242, 142, 12)
(242, 147, 13)
(242, 151, 11)
(242, 170, 13)
(242, 171, 1)
(242, 184, 42)
(242, 185, 1)
(242, 186, 3)
(242, 189, 1)
(242, 195, 2)
(242, 196, 2)
(242, 197, 1)
(242, 199, 58)
(242, 204, 35)
(243, 155, 81)
(243, 269, 2)
(243, 270, 2)
(244, 25, 1)
(255, 47, 2)
(256, 14, 1)
(256, 1587, 1)
(286, 46, 1)
(288, 57, 1)
(288, 794, 32)
(295, 5, 6)
(295, 69, 3)
(295, 96, 1)
(295, 99, 5)
(298, 25, 1)
(301, 31, 1)
(301, 32, 14)
(307, 17, 1)
(307, 27, 2)
(308, 24, 1)
(308, 27, 11)
(308, 29, 1)
(308, 64, 1)
(311, 2, 1)
(311, 11, 1)
(311, 33, 1)
(311, 37, 2)
(316, 215, 1)
(316, 1103, 7)
(317, 212, 1)
(317, 228, 3)
(318, 25, 19)
(327, 92, 1)
(339, 16, 25)
(339, 95, 25)
(344, 191, 6)
(344, 340, 32)
(344, 454, 1)
(344, 542, 16)
(344, 618, 55)
(352, 266, 1)
(353, 216, 1)
(353, 228, 1)
(353, 245, 1)
(358, 18, 2)
(367, 15, 3)
(372, 51, 1)
(372, 52, 1)
(372, 55, 10)
(372, 59, 1)
(372, 84, 1)
(372, 90, 2)
(373, 6, 1)
(373, 7, 1)
(379, 27, 9)
(380, 123, 1)
(380, 124, 1)
(397, 39, 1)
(397, 50, 3)
(397, 80, 16)
(397, 85, 5)
(397, 164, 25)
(397, 178, 1)
(397, 195, 6)
(397, 201, 3)
(398, 25, 7)
(415, 330, 4)
(417, 107, 1)
(417, 160, 1)
(417, 175, 1)
(417, 258, 27)
(417, 330, 71)
(426, 50, 2)
(426, 51, 1)
(426, 61, 1)
(426, 118, 2)
(426, 148, 13)
(426, 681, 30)
(426, 801, 1)
(426, 827, 1)
(426, 856, 42)
(426, 998, 1)
(426, 1236, 8)
(426, 1319, 9)
(426, 1350, 1)
(426, 1447, 1)
(426, 1464, 1)
(426, 1551, 1)
(428, 50, 1)
(428, 51, 1)
(428, 61, 1)
(428, 118, 1)
(428, 148, 1)
(428, 681, 32)
(428, 801, 1)
(428, 827, 1)
(428, 856, 51)
(428, 998, 1)
(428, 1236, 1)
(428, 1319, 1)
(428, 1350, 21)
(428, 1351, 488)
(428, 1447, 1)
(428, 1464, 1)
(428, 1551, 1)
(459, 21, 2)
(465, 162, 1)
(465, 182, 1)
(477, 6, 1)
(490, 4, 1)
(490, 6, 1)
(490, 91, 1)
(504, 37, 8)
(504, 46, 1)
(504, 47, 1)
(504, 66, 49)
(504, 67, 1)
(507, 4, 1)
(510, 101, 1)
(518, 105, 2)
(527, 137, 25)
(527, 895, 3)
(528, 81, 26)
(543, 508, 1)
(543, 746, 1)
(543, 755, 1)
(546, 141, 38)
(571, 174, 1)
(571, 190, 138)
(571, 206, 1)
(571, 373, 1)
(571, 966, 4)
(571, 1051, 1)
(572, 174, 1)
(572, 190, 30)
(572, 206, 6)
(572, 373, 1)
(572, 966, 3)
(572, 1051, 1)
(576, 24, 1)
(576, 115, 3)
(577, 24, 1)
(577, 115, 1)
(615, 25, 7)
(626, 17, 2)
(636, 13, 1)
(661, 33, 1)
(661, 66, 1)
(682, 2, 1)
(687, 166, 1)
(687, 907, 1)
(689, 25, 3)
(702, 68, 1)
(705, 304, 17)
(705, 310, 1)
(707, 13, 1)
(707, 16, 1)
(707, 33, 1)
(707, 62, 17)
(716, 6, 1)
(722, 44, 1)
(722, 54, 1)
(722, 80, 1)
(728, 33, 13)
(728, 76, 1)
(728, 595, 29)
(728, 780, 8)
(728, 888, 1)
(728, 920, 1)
(728, 1052, 7)
(728, 1080, 1)
(728, 1112, 1)
(728, 1268, 2)
(728, 1440, 1)
(728, 1449, 1)
(728, 2213, 25)
(728, 3111, 12)
(728, 3250, 1)
(728, 3255, 1)
(730, 10, 2)
(731, 8, 1)
(732, 152, 1)
(732, 154, 3)
(732, 202, 1)
(732, 211, 1)
(732, 222, 1)
(750, 21, 5)
(768, 224, 2)
(768, 229, 1)
(785, 2, 1)
(785, 9, 15)
(791, 78, 1)
(792, 78, 1)
(802, 2, 1)
(806, 3, 63)
(806, 4, 10)
(806, 5, 11)
(806, 9, 10)
(806, 10, 222)
(806, 11, 1)
(807, 40, 29)
(809, 52, 37)
(809, 58, 1)
(818, 277, 1)
(818, 736, 1)
(825, 95, 1)
(825, 98, 1)
(825, 105, 9)
(825, 340, 1)
(825, 375, 1)
(825, 414, 19)
(832, 127, 1)
(833, 29, 16)
(834, 2636, 26)
(839, 435, 1)
(839, 713, 30)
(839, 1356, 1)
(839, 2178, 1)
(839, 2223, 1)
(839, 2310, 1)
(839, 2642, 2)
(839, 3554, 1)
(848, 25, 2)
(851, 76, 1)
(851, 235, 1)
(851, 381, 1)
(851, 483, 1)
(851, 908, 2)
(851, 911, 7)
(851, 985, 1)
(851, 990, 1)
